-0.004
0.797
0.654
0.145
0.699
0.610
-0.051
0.596
0.424
0.514
0.317
0.506
0.551
0.410
0.473
0.672
0.244
0.666
0.146
0.709
0.090
0.682
-0.004
0.709
0.090
0.682
-0.004
0.698
0.172
0.676
0.073
0.698
0.172
0.676
0.073
0.521
0.395
0.314
0.388
0.371
0.564
0.213
0.446
0.619
0.265
0.354
0.209
0.662
0.122
0.391
0.126
0.662
0.122
0.391
0.126
0.658
0.102
0.384
0.106
0.658
0.102
0.384
0.106
0.128
0.835
0.396
-0.071
0.136
0.776
0.501
-0.053
0.129
0.696
0.571
-0.033
0.129
0.696
0.571
-0.033
0.054
0.618
0.616
-0.228
0.330
0.557
0.426
-0.094
0.459
0.303
0.491
-0.117
0.268
0.503
0.256
-0.390
0.266
0.516
0.245
-0.381
0.290
0.441
0.241
-0.433
0.364
0.370
0.125
-0.471
0.345
0.353
0.115
-0.476
0.490
0.011
-0.262
-0.418
0.378
0.420
0.165
-0.426
0.386
0.372
0.115
-0.445
0.365
0.328
0.092
-0.461
0.487
-0.021
-0.267
-0.392
0.438
0.477
0.084
-0.331
0.451
0.400
0.047
-0.370
0.482
0.293
-0.035
-0.377
0.544
-0.131
-0.298
-0.244
0.386
0.477
0.127
-0.374
0.417
0.384
0.058
-0.410
0.429
0.286
-0.021
-0.424
0.503
-0.094
-0.321
-0.285
0.235
0.264
0.133
-0.622
0.295
0.332
0.124
-0.560
0.292
0.404
0.119
-0.506
0.182
0.451
-0.480
-0.227
0.092
0.776
0.460
-0.088
0.066
0.671
0.610
-0.037
0.066
0.671
0.610
-0.037
0.013
0.658
0.587
-0.061
-0.126
0.559
0.426
-0.031
-0.259
0.299
0.507
0.053
-0.126
0.479
0.288
0.245
-0.118
0.477
0.284
0.258
0.134
-0.491
-0.282
-0.219
-0.059
0.483
0.310
0.208
0.083
-0.460
-0.295
-0.235
-0.272
-0.385
-0.371
0.037
0.074
-0.478
-0.319
-0.222
-0.098
0.449
0.306
0.249
0.134
-0.417
-0.276
-0.270
-0.205
-0.390
-0.384
-0.001
0.082
-0.419
-0.322
-0.307
-0.190
0.390
0.287
0.296
0.235
-0.330
-0.281
-0.276
-0.072
-0.399
-0.393
-0.002
0.103
-0.448
-0.296
-0.291
-0.152
0.425
0.270
0.275
0.175
-0.373
-0.251
-0.276
-0.143
-0.387
-0.373
-0.025
0.067
-0.574
-0.157
-0.064
-0.019
0.559
0.191
0.086
0.001
-0.549
-0.173
-0.119
-0.373
-0.317
0.088
-0.312
